Sample	Frequency	Magnitude	Phase	Marker	Timestamp
0	1000	5007.186	0.04850654	 	19:10:41
1	1047.616	5006.623	0.05951446	 	19:10:41
2	1097.499	5006.831	0.06449249	 	19:10:41
3	1149.757	5006.281	0.05322457	 	19:10:41
4	1204.504	5006.773	0.06171855	 	19:10:42
5	1261.857	5006.476	0.05953451	 	19:10:42
6	1321.941	5005.927	0.05759876	 	19:10:42
7	1384.886	5006.236	0.06155698	 	19:10:42
8	1450.829	5006.34	0.06718894	 	19:10:42
9	1519.911	5006.61	0.07062449	 	19:10:42
10	1592.283	5007.073	0.06783289	 	19:10:43
11	1668.101	5006.581	0.08030712	 	19:10:43
12	1747.528	5007.188	0.08116077	 	19:10:43
13	1830.738	5006.665	0.0776349	 	19:10:43
14	1917.91	5006.791	0.07974652	 	19:10:43
15	2009.233	5007.134	0.08259609	 	19:10:43
16	2104.904	5007.355	0.09227562	 	19:10:44
17	2205.131	5007.44	0.08688842	 	19:10:44
18	2310.13	5007.825	0.09212631	 	19:10:44
19	2420.128	5007.377	0.09708628	 	19:10:44
20	2535.365	5007.679	0.1037182	 	19:10:44
21	2656.088	5007.902	0.1058979	 	19:10:44
22	2782.559	5008.074	0.1029969	 	19:10:45
23	2915.053	5008.641	0.1148228	 	19:10:45
24	3053.855	5009.031	0.1115137	 	19:10:45
25	3199.267	5008.78	0.1137685	 	19:10:45
26	3351.603	5008.995	0.1238123	 	19:10:45
27	3511.192	5009.104	0.1236445	 	19:10:45
28	3678.38	5009.996	0.1276903	 	19:10:46
29	3853.529	5010.389	0.1326332	 	19:10:46
30	4037.017	5009.966	0.1332145	 	19:10:46
31	4229.243	5010.562	0.1321503	 	19:10:46
32	4430.622	5010.416	0.144383	 	19:10:46
33	4641.589	5011.276	0.1370248	 	19:10:46
34	4862.602	5011.875	0.1499776	 	19:10:47
35	5094.138	5011.94	0.1500929	 	19:10:47
36	5336.699	5012.429	0.1521038	 	19:10:47
37	5590.81	5012.428	0.1536949	 	19:10:47
38	5857.021	5012.653	0.1572013	 	19:10:47
39	6135.907	5013.236	0.1602934	 	19:10:47
40	6428.073	5013.313	0.1597098	 	19:10:47
41	6734.151	5013.695	0.1646913	 	19:10:48
42	7054.802	5014.257	0.1728937	 	19:10:48
43	7390.722	5014.607	0.1686175	 	19:10:48
44	7742.637	5014.568	0.1736932	 	19:10:48
45	8111.308	5015.169	0.1770173	 	19:10:48
46	8497.534	5015.13	0.1811405	 	19:10:48
47	8902.15	5015.569	0.1875251	 	19:10:49
48	9326.033	5016.032	0.1883136	 	19:10:49
49	9770.1	5016.858	0.1916913	 	19:10:49
50	10235.31	5016.645	0.1949503	 	19:10:49
51	10722.67	5017.278	0.1997777	 	19:10:49
52	11233.24	5017.156	0.204683	 	19:10:49
53	11768.12	5017.232	0.2080228	 	19:10:50
54	12328.47	5017.323	0.2066944	 	19:10:50
55	12915.5	5017.909	0.2164643	 	19:10:50
56	13530.48	5018.298	0.2203222	 	19:10:50
57	14174.74	5018.911	0.224083	 	19:10:50
58	14849.68	5019.374	0.2285622	 	19:10:50
59	15556.76	5018.902	0.2297997	 	19:10:51
60	16297.51	5019.479	0.2416781	 	19:10:51
61	17073.53	5019.879	0.2499081	 	19:10:51
62	17886.5	5019.896	0.256047	 	19:10:51
63	18738.17	5020.631	0.2543609	 	19:10:51
64	19630.41	5020.951	0.2678916	 	19:10:51
65	20565.12	5021.367	0.2704248	 	19:10:52
66	21544.35	5021.714	0.2664285	 	19:10:52
67	22570.2	5022.128	0.2815824	 	19:10:52
68	23644.89	5022.713	0.2838055	 	19:10:52
69	24770.76	5023.818	0.2923272	 	19:10:52
70	25950.24	5024.511	0.3017419	 	19:10:52
71	27185.88	5025.443	0.3107272	 	19:10:53
72	28480.36	5028.874	0.2976542	 	19:10:53
73	29836.47	5032.183	0.2914127	 	19:10:53
74	31257.16	5032.526	0.2985384	 	19:10:53
75	32745.49	5032.817	0.3038164	 	19:10:53
76	34304.69	5032.905	0.3165964	 	19:10:53
77	35938.14	5034.154	0.3234494	 	19:10:54
78	37649.36	5034.21	0.3247586	 	19:10:54
79	39442.06	5034.247	0.3397958	 	19:10:54
80	41320.12	5034.509	0.3507914	 	19:10:54
81	43287.61	5034.28	0.3567598	 	19:10:54
82	45348.79	5035.148	0.3779124	 	19:10:54
83	47508.1	5034.687	0.3841646	 	19:10:55
84	49770.23	5034.943	0.3963192	 	19:10:55
85	52140.08	5032.851	0.439212	 	19:10:55
86	54622.77	5035.368	0.4366553	 	19:10:55
87	57223.68	5036.731	0.442823	 	19:10:55
88	59948.43	5036.788	0.452446	 	19:10:55
89	62802.91	5036.78	0.4754494	 	19:10:55
90	65793.32	5036.864	0.4887824	 	19:10:56
91	68926.12	5036.417	0.5031473	 	19:10:56
92	72208.09	5038.25	0.5276933	 	19:10:56
93	75646.34	5037.392	0.5433097	 	19:10:56
94	79248.29	5037.925	0.5556995	 	19:10:56
95	83021.76	5037.488	0.5718676	 	19:10:56
96	86974.9	5037.649	0.6038022	 	19:10:57
97	91116.27	5037.719	0.6192471	 	19:10:57
98	95454.84	5038.914	0.6538358	 	19:10:57
99	100000	5034.377	0.7230667	 	19:10:57
100	1000	5005.72	0.05117032	 	19:10:57
101	1047.616	5006.757	0.05750638	 	19:10:57
102	1097.499	5006.198	0.05553127	 	19:10:58
103	1149.757	5005.933	0.05792375	 	19:10:58
104	1204.504	5006.907	0.060011	 	19:10:58
105	1261.857	5006.127	0.06375557	 	19:10:58
106	1321.941	5005.793	0.05914238	 	19:10:58
107	1384.886	5006.962	0.06416611	 	19:10:58
108	1450.829	5005.604	0.07199739	 	19:10:59
109	1519.911	5006.877	0.06801536	 	19:10:59
110	1592.283	5007.1	0.06507349	 	19:10:59
111	1668.101	5006.746	0.07646855	 	19:10:59
112	1747.528	5006.708	0.08506764	 	19:10:59
113	1830.738	5007.075	0.08465634	 	19:10:59
114	1917.91	5006.657	0.08070275	 	19:11:0
115	2009.233	5007.001	0.08349768	 	19:11:0
116	2104.904	5007.355	0.09227562	 	19:11:0
117	2205.131	5007.373	0.08537211	 	19:11:0
118	2310.13	5007.014	0.09841008	 	19:11:0
119	2420.128	5007.451	0.09490062	 	19:11:0
120	2535.365	5007.547	0.1043329	 	19:11:1
121	2656.088	5007.852	0.1043816	 	19:11:1
122	2782.559	5008.074	0.1029969	 	19:11:1
123	2915.053	5008.364	0.1098505	 	19:11:1
124	3053.855	5008.163	0.1142458	 	19:11:1
125	3199.267	5008.681	0.11564	 	19:11:1
126	3351.603	5008.893	0.1256292	 	19:11:2
127	3511.192	5009.598	0.1241636	 	19:11:2
128	3678.38	5009.815	0.1240362	 	19:11:2
129	3853.529	5010.146	0.134491	 	19:11:2
130	4037.017	5010.432	0.1327228	 	19:11:2
131	4229.243	5010.571	0.1336188	 	19:11:2
132	4430.622	5010.987	0.1373957	 	19:11:2
133	4641.589	5011.276	0.1355632	 	19:11:3
134	4862.602	5011.748	0.1499434	 	19:11:3
135	5094.138	5011.807	0.1514589	 	19:11:3
136	5336.699	5012.429	0.1521038	 	19:11:3
137	5590.81	5012.414	0.1551224	 	19:11:3
138	5857.021	5012.511	0.1584103	 	19:11:4
139	6135.907	5013.214	0.1617004	 	19:11:4
140	6428.073	5013.313	0.1597098	 	19:11:4
141	6734.151	5013.695	0.1646913	 	19:11:4
142	7054.802	5014.257	0.1728937	 	19:11:4
143	7390.722	5014.452	0.1695464	 	19:11:4
144	7742.637	5014.568	0.1736932	 	19:11:4
145	8111.308	5015.169	0.1770173	 	19:11:5
146	8497.534	5015.13	0.1811405	 	19:11:5
147	8902.15	5015.569	0.1875251	 	19:11:5
148	9326.033	5015.98	0.1864148	 	19:11:5
149	9770.1	5016.858	0.1916913	 	19:11:5
150	10235.31	5017.187	0.1972521	 	19:11:5
151	10722.67	5017.177	0.198982	 	19:11:6
152	11233.24	5017.156	0.204683	 	19:11:6
153	11768.12	5017.232	0.2080228	 	19:11:6
154	12328.47	5017.739	0.2110555	 	19:11:6
155	12915.5	5017.996	0.2154739	 	19:11:6
156	13530.48	5018.298	0.2203222	 	19:11:6
157	14174.74	5018.395	0.2270712	 	19:11:7
158	14849.68	5019.374	0.2285622	 	19:11:7
159	15556.76	5019.617	0.2305442	 	19:11:7
160	16297.51	5019.311	0.2411658	 	19:11:7
161	17073.53	5019.824	0.2486548	 	19:11:7
162	17886.5	5019.784	0.2565985	 	19:11:7
163	18738.17	5020.515	0.2548305	 	19:11:8
164	19630.41	5020.917	0.2665393	 	19:11:8
165	20565.12	5021.247	0.27071	 	19:11:8
166	21544.35	5021.784	0.2728771	 	19:11:8
167	22570.2	5022.121	0.2801744	 	19:11:8
168	23644.89	5022.589	0.2837748	 	19:11:8
169	24770.76	5023.818	0.2923272	 	19:11:9
170	25950.24	5024.559	0.298956	 	19:11:9
171	27185.88	5025.478	0.3093595	 	19:11:9
172	28480.36	5029.091	0.2915548	 	19:11:9
173	29836.47	5032.071	0.2907638	 	19:11:9
174	31257.16	5032.526	0.2985384	 	19:11:9
175	32745.49	5032.896	0.3026962	 	19:11:10
176	34304.69	5032.816	0.3155684	 	19:11:10
177	35938.14	5034.176	0.321414	 	19:11:10
178	37649.36	5034.441	0.3293279	 	19:11:10
179	39442.06	5034.425	0.3446862	 	19:11:10
180	41320.12	5035.014	0.3461879	 	19:11:10
181	43287.61	5034.317	0.3606189	 	19:11:10
182	45348.79	5035.005	0.3803235	 	19:11:11
183	47508.1	5035.093	0.389014	 	19:11:11
184	49770.23	5035.438	0.3919206	 	19:11:11
185	52140.08	5032.981	0.4446898	 	19:11:11
186	54622.77	5035.426	0.4332675	 	19:11:11
187	57223.68	5036.651	0.4394489	 	19:11:11
188	59948.43	5037.01	0.4539213	 	19:11:12
189	62802.91	5036.932	0.4809818	 	19:11:12
190	65793.32	5036.77	0.4948477	 	19:11:12
191	68926.12	5036.967	0.5006201	 	19:11:12
192	72208.09	5038.298	0.526095	 	19:11:12
193	75646.34	5037.747	0.5405641	 	19:11:12
194	79248.29	5037.812	0.556888	 	19:11:13
195	83021.76	5037.562	0.5734522	 	19:11:13
196	86974.9	5037.747	0.6103523	 	19:11:13
197	91116.27	5038.406	0.6270335	 	19:11:13
198	95454.84	5038.978	0.6520258	 	19:11:13
199	100000	5034.886	0.7105128	 	19:11:13
200	1000	5005.854	0.04905295	 	19:11:14
201	1047.616	5006.891	0.05549831	 	19:11:14
202	1097.499	5006.332	0.05363248	 	19:11:14
203	1149.757	5006.066	0.05612057	 	19:11:14
204	1204.504	5006.425	0.06617183	 	19:11:14
205	1261.857	5005.993	0.06538115	 	19:11:14
206	1321.941	5006.061	0.05605514	 	19:11:15
207	1384.886	5007.223	0.06423442	 	19:11:15
208	1450.829	5005.739	0.0706177	 	19:11:15
209	1519.911	5006.129	0.07529634	 	19:11:15
210	1592.283	5006.752	0.06825636	 	19:11:15
211	1668.101	5006.879	0.07530742	 	19:11:15
212	1747.528	5006.708	0.08506764	 	19:11:16
213	1830.738	5006.506	0.08680101	 	19:11:16
214	1917.91	5006.707	0.07821655	 	19:11:16
215	2009.233	5006.521	0.08672153	 	19:11:16
216	2104.904	5007.547	0.0890791	 	19:11:16
217	2205.131	5007.339	0.09438796	 	19:11:16
218	2310.13	5007.215	0.09544578	 	19:11:17
219	2420.128	5007.793	0.09969541	 	19:11:17
220	2535.365	5007.626	0.1022087	 	19:11:17
221	2656.088	5008.161	0.109272	 	19:11:17
222	2782.559	5008.366	0.1079283	 	19:11:17
223	2915.053	5008.641	0.1148228	 	19:11:17
224	3053.855	5008.556	0.1188288	 	19:11:17
225	3199.267	5008.879	0.1119039	 	19:11:18
226	3351.603	5008.939	0.1208139	 	19:11:18
227	3511.192	5009.213	0.1305225	 	19:11:18
228	3678.38	5009.996	0.1276903	 	19:11:18
229	3853.529	5010.43	0.1365059	 	19:11:18
230	4037.017	5010.009	0.1385489	 	19:11:19
231	4229.243	5010.591	0.1374642	 	19:11:19
232	4430.622	5010.267	0.1376826	 	19:11:19
233	4641.589	5011.278	0.1422909	 	19:11:19
234	4862.602	5011.751	0.1484886	 	19:11:19
235	5094.138	5011.94	0.1500929	 	19:11:19
236	5336.699	5012.429	0.1521038	 	19:11:19
237	5590.81	5012.36	0.1602724	 	19:11:20
238	5857.021	5012.529	0.1569964	 	19:11:20
239	6135.907	5013.258	0.1588864	 	19:11:20
240	6428.073	5013.313	0.1597098	 	19:11:20
241	6734.151	5013.695	0.1646913	 	19:11:20
242	7054.802	5014.257	0.1728937	 	19:11:20
243	7390.722	5014.489	0.168194	 	19:11:21
244	7742.637	5014.609	0.1723613	 	19:11:21
245	8111.308	5015.214	0.1757059	 	19:11:21
246	8497.534	5015.292	0.1804097	 	19:11:21
247	8902.15	5016.08	0.1903528	 	19:11:21
248	9326.033	5016.089	0.1870705	 	19:11:21
249	9770.1	5016.858	0.1916913	 	19:11:22
250	10235.31	5016.71	0.1937687	 	19:11:22
251	10722.67	5017.246	0.1978311	 	19:11:22
252	11233.24	5017.156	0.204683	 	19:11:22
253	11768.12	5017.31	0.2069436	 	19:11:22
254	12328.47	5017.739	0.2110555	 	19:11:22
255	12915.5	5017.996	0.2134965	 	19:11:23
256	13530.48	5018.215	0.2192875	 	19:11:23
257	14174.74	5018.489	0.2261799	 	19:11:23
258	14849.68	5019.374	0.2285622	 	19:11:23
259	15556.76	5018.835	0.2286283	 	19:11:23
260	16297.51	5019.697	0.2460835	 	19:11:23
261	17073.53	5019.824	0.2486548	 	19:11:24
262	17886.5	5019.8	0.2534703	 	19:11:24
263	18738.17	5020.474	0.2535071	 	19:11:24
264	19630.41	5021.465	0.2648402	 	19:11:24
265	20565.12	5021.247	0.27071	 	19:11:24
266	21544.35	5021.768	0.2714811	 	19:11:24
267	22570.2	5022.149	0.2866752	 	19:11:25
268	23644.89	5022.586	0.285187	 	19:11:25
269	24770.76	5023.818	0.2923272	 	19:11:25
270	25950.24	5024.559	0.298956	 	19:11:25
271	27185.88	5025.522	0.3026812	 	19:11:25
272	28480.36	5028.874	0.2976542	 	19:11:25
273	29836.47	5032.24	0.2901388	 	19:11:25
274	31257.16	5032.526	0.2985384	 	19:11:26
275	32745.49	5032.896	0.3026962	 	19:11:26
276	34304.69	5032.906	0.3145507	 	19:11:26
277	35938.14	5034.197	0.3193786	 	19:11:26
278	37649.36	5034.551	0.3285766	 	19:11:26
279	39442.06	5034.195	0.3384502	 	19:11:26
280	41320.12	5035.05	0.3476017	 	19:11:27
281	43287.61	5034.17	0.3593621	 	19:11:27
282	45348.79	5034.875	0.3803166	 	19:11:27
283	47508.1	5035.093	0.389014	 	19:11:27
284	49770.23	5035.234	0.3985391	 	19:11:27
285	52140.08	5032.688	0.4474629	 	19:11:27
286	54622.77	5035.368	0.4366553	 	19:11:28
287	57223.68	5036.179	0.4419077	 	19:11:28
288	59948.43	5037.033	0.4574593	 	19:11:28
289	62802.91	5036.979	0.4824981	 	19:11:28
290	65793.32	5037.392	0.4908861	 	19:11:28
291	68926.12	5036.982	0.4989809	 	19:11:28
292	72208.09	5038.252	0.5223657	 	19:11:29
293	75646.34	5037.747	0.5405641	 	19:11:29
294	79248.29	5037.708	0.5556039	 	19:11:29
295	83021.76	5037.562	0.5734522	 	19:11:29
296	86974.9	5038.317	0.5987137	 	19:11:29
297	91116.27	5037.719	0.6192471	 	19:11:29
298	95454.84	5038.85	0.655639	 	19:11:30
299	100000	5034.886	0.7105128	 	19:11:30
300	1000	5005.72	0.05117032	 	19:11:30
301	1047.616	5006.891	0.05549831	 	19:11:30
302	1097.499	5006.198	0.05553127	 	19:11:30
303	1149.757	5005.799	0.05974057	 	19:11:30
304	1204.504	5006.907	0.060011	 	19:11:31
305	1261.857	5005.993	0.06538115	 	19:11:31
306	1321.941	5005.792	0.0560688	 	19:11:31
307	1384.886	5006.347	0.0708597	 	19:11:31
308	1450.829	5006.353	0.06427928	 	19:11:31
309	1519.911	5006.744	0.06931309	 	19:11:31
310	1592.283	5006.352	0.07194466	 	19:11:32
311	1668.101	5006.746	0.07646855	 	19:11:32
312	1747.528	5006.613	0.08353768	 	19:11:32
313	1830.738	5006.595	0.08833098	 	19:11:32
314	1917.91	5006.657	0.08070275	 	19:11:32
315	2009.233	5007.001	0.08349768	 	19:11:32
316	2104.904	5007.355	0.09227562	 	19:11:33
317	2205.131	5007.505	0.08459347	 	19:11:33
318	2310.13	5007.215	0.09544578	 	19:11:33
319	2420.128	5007.719	0.1018811	 	19:11:33
320	2535.365	5007.679	0.1037182	 	19:11:33
321	2656.088	5007.984	0.1038215	 	19:11:33
322	2782.559	5008.498	0.107416	 	19:11:33
323	2915.053	5008.732	0.1128489	 	19:11:34
324	3053.855	5008.424	0.1192455	 	19:11:34
325	3199.267	5008.78	0.1137685	 	19:11:34
326	3351.603	5009.07	0.1204929	 	19:11:34
327	3511.192	5009.92	0.1275036	 	19:11:34
328	3678.38	5010.017	0.1291793	 	19:11:34
329	3853.529	5010.316	0.1381725	 	19:11:35
330	4037.017	5010.009	0.1385489	 	19:11:35
331	4229.243	5010.591	0.1374642	 	19:11:35
332	4430.622	5010.998	0.1412206	 	19:11:35
333	4641.589	5011.278	0.1422909	 	19:11:35
334	4862.602	5011.751	0.1484886	 	19:11:35
335	5094.138	5011.947	0.1486448	 	19:11:36
336	5336.699	5012.44	0.1506626	 	19:11:36
337	5590.81	5012.374	0.1588449	 	19:11:36
338	5857.021	5013.1	0.1579663	 	19:11:36
339	6135.907	5013.236	0.1602934	 	19:11:36
340	6428.073	5013.46	0.1586101	 	19:11:36
341	6734.151	5013.725	0.1633116	 	19:11:37
342	7054.802	5014.324	0.1701616	 	19:11:37
343	7390.722	5014.644	0.1672719	 	19:11:37
344	7742.637	5014.651	0.1710294	 	19:11:37
345	8111.308	5015.144	0.1738754	 	19:11:37
346	8497.534	5015.229	0.1785587	 	19:11:37
347	8902.15	5015.623	0.1862547	 	19:11:38
348	9326.033	5015.98	0.1864148	 	19:11:38
349	9770.1	5016.796	0.1929002	 	19:11:38
350	10235.31	5017.121	0.1984337	 	19:11:38
351	10722.67	5017.246	0.1978311	 	19:11:38
352	11233.24	5017.23	0.2035663	 	19:11:38
353	11768.12	5017.137	0.2071315	 	19:11:39
354	12328.47	5017.739	0.2110555	 	19:11:39
355	12915.5	5017.996	0.2154739	 	19:11:39
356	13530.48	5018.298	0.2203222	 	19:11:39
357	14174.74	5018.489	0.2261799	 	19:11:39
358	14849.68	5019.374	0.2285622	 	19:11:39
359	15556.76	5019.142	0.2340515	 	19:11:40
360	16297.51	5019.417	0.2404657	 	19:11:40
361	17073.53	5019.769	0.2474032	 	19:11:40
362	17886.5	5020.322	0.2509739	 	19:11:40
363	18738.17	5020.631	0.2543609	 	19:11:40
364	19630.41	5020.884	0.2651869	 	19:11:40
365	20565.12	5021.453	0.2754134	 	19:11:40
366	21544.35	5021.768	0.2714811	 	19:11:41
367	22570.2	5022.149	0.2866752	 	19:11:41
368	23644.89	5022.586	0.285187	 	19:11:41
369	24770.76	5023.708	0.2907725	 	19:11:41
370	25950.24	5024.468	0.3039788	 	19:11:41
371	27185.88	5025.426	0.3062346	 	19:11:42
372	28480.36	5028.874	0.2976542	 	19:11:42
373	29836.47	5032.294	0.2920598	 	19:11:42
374	31257.16	5032.595	0.2973328	 	19:11:42
375	32745.49	5032.798	0.3017912	 	19:11:42
376	34304.69	5032.906	0.3145507	 	19:11:42
377	35938.14	5034.176	0.321414	 	19:11:42
378	37649.36	5034.441	0.3293279	 	19:11:43
379	39442.06	5034.195	0.3384502	 	19:11:43
380	41320.12	5035.05	0.3476017	 	19:11:43
381	43287.61	5034.244	0.3538228	 	19:11:43
382	45348.79	5035.006	0.3788277	 	19:11:43
383	47508.1	5034.687	0.3841646	 	19:11:43
384	49770.23	5036.104	0.3961553	 	19:11:44
385	52140.08	5032.862	0.4439795	 	19:11:44
386	54622.77	5035.426	0.4332675	 	19:11:44
387	57223.68	5036.59	0.4474128	 	19:11:44
388	59948.43	5037.033	0.4574593	 	19:11:44
389	62802.91	5036.979	0.4824981	 	19:11:44
390	65793.32	5037.552	0.4923068	 	19:11:45
391	68926.12	5037.098	0.5024233	 	19:11:45
392	72208.09	5038.298	0.526095	 	19:11:45
393	75646.34	5037.747	0.5405641	 	19:11:45
394	79248.29	5037.91	0.5606446	 	19:11:45
395	83021.76	5037.562	0.5734522	 	19:11:45
396	86974.9	5037.68	0.6067597	 	19:11:46
397	91116.27	5038.254	0.6249981	 	19:11:46
398	95454.84	5038.884	0.6494918	 	19:11:46
399	100000	5034.336	0.7173874	 	19:11:46
400	1000	5005.987	0.04694926	 	19:11:46
401	1047.616	5007.2	0.05503386	 	19:11:46
402	1097.499	5006.016	0.06200629	 	19:11:47
403	1149.757	5005.933	0.05792375	 	19:11:47
404	1204.504	5006.425	0.06617183	 	19:11:47
405	1261.857	5005.993	0.06538115	 	19:11:47
406	1321.941	5005.927	0.05759876	 	19:11:47
407	1384.886	5006.474	0.07238966	 	19:11:47
408	1450.829	5005.872	0.069238	 	19:11:47
409	1519.911	5006.744	0.06931309	 	19:11:48
410	1592.283	5006.619	0.06948579	 	19:11:48
411	1668.101	5006.879	0.07530742	 	19:11:48
412	1747.528	5006.746	0.08244485	 	19:11:48
413	1830.738	5006.772	0.08475196	 	19:11:48
414	1917.91	5006.839	0.07726033	 	19:11:49
415	2009.233	5007.069	0.09042349	 	19:11:49
416	2104.904	5006.936	0.09293132	 	19:11:49
417	2205.131	5007.951	0.09080894	 	19:11:49
418	2310.13	5007.505	0.1024399	 	19:11:49
419	2420.128	5007.926	0.09902605	 	19:11:49
420	2535.365	5007.758	0.1015872	 	19:11:49
421	2656.088	5007.327	0.1048939	 	19:11:50
422	2782.559	5008.366	0.1079283	 	19:11:50
423	2915.053	5008.509	0.1152805	 	19:11:50
424	3053.855	5008.863	0.1104277	 	19:11:50
425	3199.267	5008.78	0.1137685	 	19:11:50
426	3351.603	5008.967	0.1223097	 	19:11:50
427	3511.192	5009.814	0.1292726	 	19:11:51
428	3678.38	5010.017	0.1291793	 	19:11:51
429	3853.529	5010.259	0.1328176	 	19:11:51
430	4037.017	5010.432	0.1327228	 	19:11:51
431	4229.243	5010.591	0.1374642	 	19:11:51
432	4430.622	5010.411	0.1429145	 	19:11:51
433	4641.589	5011.278	0.1422909	 	19:11:52
434	4862.602	5011.751	0.1484886	 	19:11:52
435	5094.138	5011.94	0.1500929	 	19:11:52
436	5336.699	5012.429	0.1521038	 	19:11:52
437	5590.81	5012.36	0.1602724	 	19:11:52
438	5857.021	5012.671	0.1557807	 	19:11:52
439	6135.907	5013.236	0.1602934	 	19:11:53
440	6428.073	5013.46	0.1586101	 	19:11:53
441	6734.151	5013.695	0.1646913	 	19:11:53
442	7054.802	5014.291	0.1715277	 	19:11:53
443	7390.722	5014.489	0.168194	 	19:11:53
444	7742.637	5014.568	0.1736932	 	19:11:53
445	8111.308	5015.099	0.1751868	 	19:11:54
446	8497.534	5015.18	0.1798496	 	19:11:54
447	8902.15	5015.623	0.1862547	 	19:11:54
448	9326.033	5015.98	0.1864148	 	19:11:54
449	9770.1	5016.858	0.1916913	 	19:11:54
450	10235.31	5017.121	0.1984337	 	19:11:54
451	10722.67	5017.278	0.1997777	 	19:11:55
452	11233.24	5017.156	0.204683	 	19:11:55
453	11768.12	5017.232	0.2080228	 	19:11:55
454	12328.47	5017.821	0.2100207	 	19:11:55
455	12915.5	5017.909	0.2144869	 	19:11:55
456	13530.48	5018.306	0.2183449	 	19:11:55
457	14174.74	5018.85	0.2210333	 	19:11:56
458	14849.68	5019.374	0.2285622	 	19:11:56
459	15556.76	5019.514	0.2313126	 	19:11:56
460	16297.51	5019.417	0.2404657	 	19:11:56
461	17073.53	5019.824	0.2486548	 	19:11:56
462	17886.5	5019.848	0.2547578	 	19:11:56
463	18738.17	5020.515	0.2548305	 	19:11:56
464	19630.41	5021.499	0.2661926	 	19:11:57
465	20565.12	5021.342	0.2690476	 	19:11:57
466	21544.35	5021.714	0.2664285	 	19:11:57
467	22570.2	5022.149	0.2866752	 	19:11:57
468	23644.89	5022.589	0.2837748	 	19:11:57
469	24770.76	5023.832	0.2909194	 	19:11:57
470	25950.24	5024.535	0.3003494	 	19:11:58
471	27185.88	5025.522	0.3026812	 	19:11:58
472	28480.36	5028.92	0.2963257	 	19:11:58
473	29836.47	5032.183	0.2914127	 	19:11:58
474	31257.16	5032.558	0.2953486	 	19:11:58
475	32745.49	5032.896	0.3026962	 	19:11:58
476	34304.69	5032.907	0.3125085	 	19:11:59
477	35938.14	5034.276	0.3205192	 	19:11:59
478	37649.36	5034.485	0.3273267	 	19:11:59
479	39442.06	5034.312	0.3378628	 	19:11:59
480	41320.12	5035.05	0.3476017	 	19:11:59
481	43287.61	5034.73	0.3546561	 	19:11:59
482	45348.79	5035.005	0.3803235	 	19:12:0
483	47508.1	5034.62	0.3794722	 	19:12:0
484	49770.23	5035.438	0.3919206	 	19:12:0
485	52140.08	5032.988	0.4412748	 	19:12:0
486	54622.77	5035.114	0.4375979	 	19:12:0
487	57223.68	5036.602	0.4452135	 	19:12:0
488	59948.43	5037.082	0.4552873	 	19:12:1
489	62802.91	5037.686	0.4782088	 	19:12:1
490	65793.32	5036.876	0.4914189	 	19:12:1
491	68926.12	5037.112	0.500784	 	19:12:1
492	72208.09	5038.348	0.5191829	 	19:12:1
493	75646.34	5038.231	0.5402772	 	19:12:1
494	79248.29	5037.925	0.5556995	 	19:12:2
495	83021.76	5037.555	0.5694497	 	19:12:2
496	86974.9	5037.839	0.6063772	 	19:12:2
497	91116.27	5038.42	0.6251484	 	19:12:2
498	95454.84	5038.655	0.6602426	 	19:12:2
499	100000	5034.336	0.7173874	 	19:12:2
