Sample	Frequency	Magnitude	Phase	Marker	Timestamp
0	1000	97.47169	-19.29891	 	20:33:36
1	1047.616	98.54718	-17.38331	 	20:33:37
2	1097.499	97.36003	-16.90464	 	20:33:37
3	1149.757	96.03589	-16.8018	 	20:33:37
4	1204.504	94.69817	-16.72881	 	20:33:37
5	1261.857	93.31267	-16.54609	 	20:33:37
6	1321.941	92.47352	-16.32193	 	20:33:37
7	1384.886	91.55804	-16.1772	 	20:33:38
8	1450.829	90.55418	-15.858	 	20:33:38
9	1519.911	89.80525	-15.46861	 	20:33:38
10	1592.283	89.18555	-15.1668	 	20:33:38
11	1668.101	88.48061	-14.7996	 	20:33:38
12	1747.528	87.92217	-14.52412	 	20:33:38
13	1830.738	87.27211	-14.17692	 	20:33:38
14	1917.91	86.75875	-13.7001	 	20:33:39
15	2009.233	86.15679	-13.38537	 	20:33:39
16	2104.904	85.87585	-13.05805	 	20:33:39
17	2205.131	85.30514	-12.75331	 	20:33:39
18	2310.13	85.02617	-12.37835	 	20:33:39
19	2420.128	84.47332	-12.24026	 	20:33:39
20	2535.365	84.05103	-11.73921	 	20:33:40
21	2656.088	83.71234	-11.44002	 	20:33:40
22	2782.559	83.32276	-11.25466	 	20:33:40
23	2915.053	83.0313	-10.88783	 	20:33:40
24	3053.855	82.6788	-10.60344	 	20:33:40
25	3199.267	83.07618	-10.37075	 	20:33:40
26	3351.603	79.51891	-10.33931	 	20:33:41
27	3511.192	77.56586	-10.22194	 	20:33:41
28	3678.38	75.9977	-10.03253	 	20:33:41
29	3853.529	75.22635	-9.861512	 	20:33:41
30	4037.017	74.68491	-9.556994	 	20:33:41
31	4229.243	74.50033	-9.324136	 	20:33:41
32	4430.622	74.73316	-9.054806	 	20:33:42
33	4641.589	77.7186	-8.605699	 	20:33:42
34	4862.602	79.9886	-8.220242	 	20:33:42
35	5094.138	79.7422	-8.029195	 	20:33:42
36	5336.699	79.5499	-7.805774	 	20:33:42
37	5590.81	79.39791	-7.641124	 	20:33:42
38	5857.021	79.17985	-7.45611	 	20:33:43
39	6135.907	78.97685	-7.367837	 	20:33:43
40	6428.073	78.79919	-7.1838	 	20:33:43
41	6734.151	78.57565	-7.042392	 	20:33:43
42	7054.802	78.27621	-6.861323	 	20:33:43
43	7390.722	78.07436	-6.727945	 	20:33:43
44	7742.637	77.90793	-6.616888	 	20:33:44
45	8111.308	77.62869	-6.428738	 	20:33:44
46	8497.534	77.42205	-6.25871	 	20:33:44
47	8902.15	77.12617	-6.150002	 	20:33:44
48	9326.033	76.8868	-6.034462	 	20:33:44
49	9770.1	76.63337	-5.964463	 	20:33:44
50	10235.31	76.46408	-5.816127	 	20:33:44
51	10722.67	76.17641	-5.719124	 	20:33:45
52	11233.24	75.95573	-5.554458	 	20:33:45
53	11768.12	75.69975	-5.440732	 	20:33:45
54	12328.47	75.48902	-5.31086	 	20:33:45
55	12915.5	75.23966	-5.200315	 	20:33:45
56	13530.48	75.01744	-5.045175	 	20:33:46
57	14174.74	74.82817	-4.907973	 	20:33:46
58	14849.68	74.62415	-4.781761	 	20:33:46
59	15556.76	74.40786	-4.608833	 	20:33:46
60	16297.51	74.15067	-4.505558	 	20:33:46
61	17073.53	73.96061	-4.353576	 	20:33:46
62	17886.5	73.74986	-4.198463	 	20:33:46
63	18738.17	73.50369	-3.999294	 	20:33:47
64	19630.41	73.26982	-3.855076	 	20:33:47
65	20565.12	73.01359	-3.643458	 	20:33:47
66	21544.35	72.72678	-3.476022	 	20:33:47
67	22570.2	72.67986	-3.288391	 	20:33:47
68	23644.89	72.1983	-3.116742	 	20:33:47
69	24770.76	71.9588	-2.916374	 	20:33:48
70	25950.24	71.81942	-2.674717	 	20:33:48
71	27185.88	71.52029	-2.48286	 	20:33:48
72	28480.36	71.24868	-2.237841	 	20:33:48
73	29836.47	71.06803	-2.034649	 	20:33:48
74	31257.16	70.75716	-1.797873	 	20:33:48
75	32745.49	70.63861	-1.484131	 	20:33:49
76	34304.69	70.31754	-1.240004	 	20:33:49
77	35938.14	70.14494	-0.9135491	 	20:33:49
78	37649.36	69.89928	-0.5846292	 	20:33:49
79	39442.06	69.73003	-0.2520205	 	20:33:49
80	41320.12	69.31714	0.00501528	 	20:33:49
81	43287.61	60.40375	-1.214063	 	20:33:50
82	45348.79	57.53929	-1.276085	 	20:33:50
83	47508.1	55.70452	-1.123777	 	20:33:50
84	49770.23	54.61943	-0.7783968	 	20:33:50
85	52140.08	53.84304	-0.4427066	 	20:33:50
86	54622.77	53.42312	-0.04940175	 	20:33:50
87	57223.68	54.08456	0.743677	 	20:33:51
88	59948.43	64.26033	2.321466	 	20:33:51
89	62802.91	64.75184	3.047606	 	20:33:51
90	65793.32	65.03374	3.62987	 	20:33:51
91	68926.12	65.09469	-355.7607	 	20:33:51
92	72208.09	65.17923	4.872084	 	20:33:51
93	75646.34	65.28551	5.423773	 	20:33:52
94	79248.29	65.3111	6.107971	 	20:33:52
95	83021.76	65.42683	6.776694	 	20:33:52
96	86974.9	65.51318	7.411662	 	20:33:52
97	91116.27	65.65526	8.113739	 	20:33:52
98	95454.84	65.68297	8.832902	 	20:33:52
99	100000	65.82484	9.496428	 	20:33:52
100	1000	92.30508	-18.39136	 	20:33:53
101	1047.616	91.58386	-18.00047	 	20:33:53
102	1097.499	91.1227	-17.42039	 	20:33:53
103	1149.757	90.50275	-17.21717	 	20:33:53
104	1204.504	89.86419	-16.61045	 	20:33:53
105	1261.857	89.35494	-16.175	 	20:33:53
106	1321.941	88.47691	-15.85779	 	20:33:54
107	1384.886	88.32831	-15.40316	 	20:33:54
108	1450.829	87.79889	-15.05728	 	20:33:54
109	1519.911	87.1518	-14.65744	 	20:33:54
110	1592.283	86.6684	-14.41633	 	20:33:54
111	1668.101	86.32824	-13.9593	 	20:33:54
112	1747.528	85.85891	-13.75027	 	20:33:55
113	1830.738	85.52886	-13.35419	 	20:33:55
114	1917.91	84.89797	-13.01351	 	20:33:55
115	2009.233	84.60513	-12.64383	 	20:33:55
116	2104.904	84.22208	-12.21017	 	20:33:55
117	2205.131	83.73269	-11.95805	 	20:33:55
118	2310.13	83.51849	-11.63991	 	20:33:56
119	2420.128	83.20434	-11.44705	 	20:33:56
120	2535.365	83.01376	-11.09334	 	20:33:56
121	2656.088	82.56977	-10.73546	 	20:33:56
122	2782.559	82.23383	-10.59567	 	20:33:56
123	2915.053	81.98517	-10.27433	 	20:33:56
124	3053.855	81.68344	-10.02873	 	20:33:57
125	3199.267	78.49931	-9.605437	 	20:33:57
126	3351.603	68.97939	-7.704019	 	20:33:57
127	3511.192	64.90648	-6.471771	 	20:33:57
128	3678.38	72.94776	-6.552069	 	20:33:57
129	3853.529	77.07562	-7.420675	 	20:33:57
130	4037.017	77.52283	-7.280083	 	20:33:58
131	4229.243	77.52304	-7.183678	 	20:33:58
132	4430.622	77.55016	-7.092451	 	20:33:58
133	4641.589	77.59277	-6.974689	 	20:33:58
134	4862.602	77.01994	-6.887767	 	20:33:58
135	5094.138	76.9938	-6.776142	 	20:33:58
136	5336.699	77.35164	-6.561929	 	20:33:59
137	5590.81	83.39643	-6.387743	 	20:33:59
138	5857.021	83.22075	-6.550147	 	20:33:59
139	6135.907	82.75816	-6.612214	 	20:33:59
140	6428.073	81.74081	-6.571166	 	20:33:59
141	6734.151	85.9064	-6.195127	 	20:33:59
142	7054.802	77.6701	-6.4065	 	20:33:59
143	7390.722	77.05878	-6.224184	 	20:34:0
144	7742.637	76.89075	-6.148521	 	20:34:0
145	8111.308	76.82019	-5.957051	 	20:34:0
146	8497.534	75.61273	-6.070299	 	20:34:0
147	8902.15	74.44875	-6.073497	 	20:34:0
148	9326.033	70.80411	-6.133636	 	20:34:0
149	9770.1	69.94968	-5.972618	 	20:34:1
150	10235.31	70.46051	-5.877544	 	20:34:1
151	10722.67	74.10358	-5.405461	 	20:34:1
152	11233.24	74.17336	-5.290942	 	20:34:1
153	11768.12	73.93864	-5.184128	 	20:34:1
154	12328.47	73.99992	-5.006493	 	20:34:1
155	12915.5	74.38407	-4.865848	 	20:34:2
156	13530.48	74.48817	-4.705325	 	20:34:2
157	14174.74	74.41897	-4.600417	 	20:34:2
158	14849.68	69.5386	-5.145557	 	20:34:2
159	15556.76	69.6573	-5.207828	 	20:34:2
160	16297.51	76.83716	-4.43937	 	20:34:2
161	17073.53	74.68138	-4.244436	 	20:34:3
162	17886.5	74.13092	-4.164469	 	20:34:3
163	18738.17	78.4529	-4.22998	 	20:34:3
164	19630.41	75.97054	-3.858098	 	20:34:3
165	20565.12	72.814	-3.580713	 	20:34:3
166	21544.35	74.80698	-3.465117	 	20:34:3
167	22570.2	70.31587	-3.399279	 	20:34:4
168	23644.89	70.17298	-3.225114	 	20:34:4
169	24770.76	69.95857	-3.016945	 	20:34:4
170	25950.24	69.71455	-2.802773	 	20:34:4
171	27185.88	69.54356	-2.583358	 	20:34:4
172	28480.36	69.32499	-2.362802	 	20:34:4
173	29836.47	69.13813	-2.14834	 	20:34:5
174	31257.16	68.91597	-1.904478	 	20:34:5
175	32745.49	68.71176	-1.633408	 	20:34:5
176	34304.69	68.5039	-1.373002	 	20:34:5
177	35938.14	68.2269	-1.039566	 	20:34:5
178	37649.36	68.0223	-0.7546566	 	20:34:5
179	39442.06	67.80322	-0.4125675	 	20:34:6
180	41320.12	67.58067	-0.09073715	 	20:34:6
181	43287.61	67.3814	0.3187203	 	20:34:6
182	45348.79	67.2268	0.6861671	 	20:34:6
183	47508.1	67.04431	1.102298	 	20:34:6
184	49770.23	66.83769	1.482218	 	20:34:6
185	52140.08	66.63843	1.974395	 	20:34:7
186	54622.77	66.49957	2.413182	 	20:34:7
187	57223.68	66.39068	2.889436	 	20:34:7
188	59948.43	66.25175	3.378534	 	20:34:7
189	62802.91	66.13386	3.905915	 	20:34:7
190	65793.32	66.06313	4.439807	 	20:34:7
191	68926.12	65.95701	-354.9837	 	20:34:7
192	72208.09	65.91116	5.578025	 	20:34:8
193	75646.34	65.88012	6.184219	 	20:34:8
194	79248.29	65.83769	6.792916	 	20:34:8
195	83021.76	65.82471	7.450929	 	20:34:8
196	86974.9	65.82637	8.137718	 	20:34:8
197	91116.27	65.85676	8.830001	 	20:34:8
198	95454.84	65.9676	9.564715	 	20:34:9
199	100000	66.00815	10.23689	 	20:34:9
200	1000	92.48985	-18.95702	 	20:34:9
201	1047.616	91.69366	-18.55113	 	20:34:9
202	1097.499	91.15465	-17.96014	 	20:34:9
203	1149.757	90.1944	-17.48339	 	20:34:9
204	1204.504	89.75226	-17.08496	 	20:34:10
205	1261.857	89.17762	-16.6209	 	20:34:10
206	1321.941	88.54807	-16.12955	 	20:34:10
207	1384.886	87.82071	-15.61209	 	20:34:10
208	1450.829	87.22655	-15.25712	 	20:34:10
209	1519.911	86.77699	-15.00984	 	20:34:10
210	1592.283	86.49479	-14.60114	 	20:34:11
211	1668.101	85.83473	-14.25301	 	20:34:11
212	1747.528	85.37982	-13.75057	 	20:34:11
213	1830.738	84.79839	-13.44012	 	20:34:11
214	1917.91	84.53568	-13.11987	 	20:34:11
215	2009.233	83.96452	-12.83078	 	20:34:11
216	2104.904	83.54599	-12.4005	 	20:34:12
217	2205.131	83.37486	-12.11882	 	20:34:12
218	2310.13	82.94183	-11.88272	 	20:34:12
219	2420.128	82.44422	-11.55005	 	20:34:12
220	2535.365	82.05957	-11.27414	 	20:34:12
221	2656.088	81.90813	-10.89944	 	20:34:12
222	2782.559	81.39951	-10.63476	 	20:34:13
223	2915.053	81.27424	-10.37252	 	20:34:13
224	3053.855	80.9429	-10.10992	 	20:34:13
225	3199.267	80.58283	-9.750333	 	20:34:13
226	3351.603	80.33718	-9.533102	 	20:34:13
227	3511.192	80.07677	-9.373494	 	20:34:13
228	3678.38	79.77281	-9.102831	 	20:34:14
229	3853.529	79.48434	-8.856396	 	20:34:14
230	4037.017	79.33403	-8.716158	 	20:34:14
231	4229.243	78.95989	-8.460485	 	20:34:14
232	4430.622	78.74609	-8.275385	 	20:34:14
233	4641.589	78.56152	-8.085934	 	20:34:14
234	4862.602	78.36954	-7.971759	 	20:34:14
235	5094.138	78.19132	-7.694407	 	20:34:15
236	5336.699	77.864	-7.507691	 	20:34:15
237	5590.81	77.71793	-7.341908	 	20:34:15
238	5857.021	77.48412	-7.227162	 	20:34:15
239	6135.907	77.24519	-7.036724	 	20:34:15
240	6428.073	77.05735	-6.924655	 	20:34:15
241	6734.151	76.85931	-6.78721	 	20:34:16
242	7054.802	76.68584	-6.624657	 	20:34:16
243	7390.722	76.51105	-6.489777	 	20:34:16
244	7742.637	76.25642	-6.425199	 	20:34:16
245	8111.308	76.01001	-6.239527	 	20:34:16
246	8497.534	75.82722	-6.134196	 	20:34:16
247	8902.15	75.56853	-6.018868	 	20:34:17
248	9326.033	75.36319	-5.908889	 	20:34:17
249	9770.1	75.14659	-5.773852	 	20:34:17
250	10235.31	74.93024	-5.68957	 	20:34:17
251	10722.67	74.75927	-5.527387	 	20:34:17
252	11233.24	74.50215	-5.424807	 	20:34:17
253	11768.12	74.28676	-5.311402	 	20:34:18
254	12328.47	74.0463	-5.196366	 	20:34:18
255	12915.5	73.84006	-5.08524	 	20:34:18
256	13530.48	73.59738	-4.955952	 	20:34:18
257	14174.74	73.33356	-4.866064	 	20:34:18
258	14849.68	73.08774	-4.723855	 	20:34:18
259	15556.76	72.87057	-4.593834	 	20:34:19
260	16297.51	72.6426	-4.461934	 	20:34:19
261	17073.53	72.41796	-4.321109	 	20:34:19
262	17886.5	72.18032	-4.187818	 	20:34:19
263	18738.17	71.90639	-4.016881	 	20:34:19
264	19630.41	71.64526	-3.84593	 	20:34:19
265	20565.12	71.37459	-3.689292	 	20:34:20
266	21544.35	71.19391	-3.524519	 	20:34:20
267	22570.2	70.91737	-3.322513	 	20:34:20
268	23644.89	70.64425	-3.189866	 	20:34:20
269	24770.76	70.44754	-2.938215	 	20:34:20
270	25950.24	70.19986	-2.771831	 	20:34:20
271	27185.88	69.98679	-2.496191	 	20:34:21
272	28480.36	69.78407	-2.262323	 	20:34:21
273	29836.47	69.54634	-2.038551	 	20:34:21
274	31257.16	69.33463	-1.773571	 	20:34:21
275	32745.49	69.10588	-1.529728	 	20:34:21
276	34304.69	68.90958	-1.24109	 	20:34:21
277	35938.14	68.62183	-0.9296991	 	20:34:22
278	37649.36	68.45195	-0.6284859	 	20:34:22
279	39442.06	68.23466	-0.2993025	 	20:34:22
280	41320.12	68.04852	0.06260744	 	20:34:22
281	43287.61	67.82534	0.4390068	 	20:34:22
282	45348.79	67.62641	0.8343549	 	20:34:22
283	47508.1	67.44279	1.222824	 	20:34:22
284	49770.23	67.24368	1.638828	 	20:34:23
285	52140.08	67.06158	2.125766	 	20:34:23
286	54622.77	66.97065	2.536918	 	20:34:23
287	57223.68	66.84867	3.016068	 	20:34:23
288	59948.43	66.70274	3.52317	 	20:34:23
289	62802.91	66.55373	4.03125	 	20:34:23
290	65793.32	66.48656	4.593828	 	20:34:24
291	68926.12	66.37959	-354.8335	 	20:34:24
292	72208.09	66.34261	5.742018	 	20:34:24
293	75646.34	66.29491	6.303502	 	20:34:24
294	79248.29	66.23884	6.916433	 	20:34:24
295	83021.76	66.21693	7.597095	 	20:34:24
296	86974.9	66.24958	8.247849	 	20:34:25
297	91116.27	66.2849	8.951004	 	20:34:25
298	95454.84	66.41443	9.71959	 	20:34:25
299	100000	66.44769	10.36094	 	20:34:25
300	1000	92.85097	-18.98968	 	20:34:25
301	1047.616	92.07444	-18.57295	 	20:34:25
302	1097.499	91.43478	-18.36735	 	20:34:26
303	1149.757	90.80878	-17.73405	 	20:34:26
304	1204.504	90.08236	-17.09881	 	20:34:26
305	1261.857	89.53401	-16.64422	 	20:34:26
306	1321.941	88.7914	-16.49639	 	20:34:26
307	1384.886	88.37563	-15.83221	 	20:34:26
308	1450.829	87.77394	-15.44306	 	20:34:27
309	1519.911	87.28898	-15.20894	 	20:34:27
310	1592.283	86.53855	-14.75684	 	20:34:27
311	1668.101	86.14707	-14.28208	 	20:34:27
312	1747.528	85.6264	-14.0392	 	20:34:27
313	1830.738	85.26448	-13.60883	 	20:34:27
314	1917.91	84.98492	-13.27901	 	20:34:28
315	2009.233	84.23612	-12.8581	 	20:34:28
316	2104.904	83.99599	-12.5297	 	20:34:28
317	2205.131	83.65057	-12.14375	 	20:34:28
318	2310.13	83.20615	-11.90379	 	20:34:28
319	2420.128	82.72084	-11.57129	 	20:34:28
320	2535.365	82.32502	-11.29138	 	20:34:29
321	2656.088	82.01492	-11.01381	 	20:34:29
322	2782.559	81.79408	-10.752	 	20:34:29
323	2915.053	81.39263	-10.49223	 	20:34:29
324	3053.855	81.19664	-10.12228	 	20:34:29
325	3199.267	80.9668	-9.851311	 	20:34:29
326	3351.603	80.59372	-9.730084	 	20:34:29
327	3511.192	80.30883	-9.392961	 	20:34:30
328	3678.38	80.12865	-9.196514	 	20:34:30
329	3853.529	79.83731	-8.947291	 	20:34:30
330	4037.017	79.55729	-8.733875	 	20:34:30
331	4229.243	79.30029	-8.539225	 	20:34:30
332	4430.622	79.07761	-8.355749	 	20:34:30
333	4641.589	78.77796	-8.109266	 	20:34:31
334	4862.602	78.5865	-7.994176	 	20:34:31
335	5094.138	78.40331	-7.720757	 	20:34:31
336	5336.699	78.1722	-7.575775	 	20:34:31
337	5590.81	77.91963	-7.365922	 	20:34:31
338	5857.021	77.68262	-7.253909	 	20:34:31
339	6135.907	77.54081	-7.089487	 	20:34:32
340	6428.073	77.3456	-6.9811	 	20:34:32
341	6734.151	77.0454	-6.816784	 	20:34:32
342	7054.802	76.86756	-6.648201	 	20:34:32
343	7390.722	76.68582	-6.512268	 	20:34:32
344	7742.637	76.42893	-6.453045	 	20:34:32
345	8111.308	76.27535	-6.279737	 	20:34:33
346	8497.534	75.99532	-6.160389	 	20:34:33
347	8902.15	75.83463	-5.983563	 	20:34:33
348	9326.033	75.60989	-5.930185	 	20:34:33
349	9770.1	75.39255	-5.795231	 	20:34:33
350	10235.31	75.1704	-5.710053	 	20:34:33
351	10722.67	74.99464	-5.546792	 	20:34:34
352	11233.24	74.73334	-5.442729	 	20:34:34
353	11768.12	74.50935	-5.327951	 	20:34:34
354	12328.47	74.26634	-5.2109	 	20:34:34
355	12915.5	74.05824	-5.097295	 	20:34:34
356	13530.48	73.80337	-4.963547	 	20:34:34
357	14174.74	73.49833	-4.819318	 	20:34:35
358	14849.68	73.28199	-4.72449	 	20:34:35
359	15556.76	73.06094	-4.592509	 	20:34:35
360	16297.51	72.78644	-4.417131	 	20:34:35
361	17073.53	72.59024	-4.313244	 	20:34:35
362	17886.5	72.30204	-4.142462	 	20:34:35
363	18738.17	72.06631	-4.006008	 	20:34:35
364	19630.41	71.83146	-3.792501	 	20:34:36
365	20565.12	71.60895	-3.658215	 	20:34:36
366	21544.35	71.3568	-3.461383	 	20:34:36
367	22570.2	71.12525	-3.278168	 	20:34:36
368	23644.89	70.86481	-3.088448	 	20:34:36
369	24770.76	70.63319	-2.876914	 	20:34:37
370	25950.24	70.37277	-2.708728	 	20:34:37
371	27185.88	70.14533	-2.425482	 	20:34:37
372	28480.36	69.92889	-2.23876	 	20:34:37
373	29836.47	69.74039	-2.000087	 	20:34:37
374	31257.16	69.51574	-1.724865	 	20:34:37
375	32745.49	69.27509	-1.474429	 	20:34:37
376	34304.69	69.05922	-1.173543	 	20:34:38
377	35938.14	68.83644	-0.8681626	 	20:34:38
378	37649.36	68.5721	-0.5540915	 	20:34:38
379	39442.06	68.41579	-0.2074979	 	20:34:38
380	41320.12	68.17779	0.1239972	 	20:34:38
381	43287.61	67.9976	0.4890516	 	20:34:38
382	45348.79	67.83413	0.8919607	 	20:34:39
383	47508.1	67.63681	1.296617	 	20:34:39
384	49770.23	67.47593	1.730127	 	20:34:39
385	52140.08	67.22649	2.182893	 	20:34:39
386	54622.77	67.11813	2.600684	 	20:34:39
387	57223.68	67.01765	3.127331	 	20:34:39
388	59948.43	66.88217	3.614325	 	20:34:40
389	62802.91	66.75492	4.121039	 	20:34:40
390	65793.32	66.69765	4.642513	 	20:34:40
391	68926.12	66.56835	-354.7565	 	20:34:40
392	72208.09	66.50573	5.840086	 	20:34:40
393	75646.34	66.50178	6.397471	 	20:34:40
394	79248.29	66.46104	7.081546	 	20:34:41
395	83021.76	66.44322	7.689494	 	20:34:41
396	86974.9	66.49456	8.358586	 	20:34:41
397	91116.27	66.55158	9.104397	 	20:34:41
398	95454.84	66.5871	9.79421	 	20:34:41
399	100000	66.64497	10.50724	 	20:34:41
400	1000	93.27232	-19.22512	 	20:34:42
401	1047.616	92.49064	-18.82313	 	20:34:42
402	1097.499	91.55239	-18.36642	 	20:34:42
403	1149.757	91.17957	-17.9446	 	20:34:42
404	1204.504	90.12508	-17.48018	 	20:34:42
405	1261.857	89.57536	-17.01186	 	20:34:42
406	1321.941	89.22526	-16.35666	 	20:34:43
407	1384.886	88.41576	-16.17422	 	20:34:43
408	1450.829	87.82471	-15.78991	 	20:34:43
409	1519.911	87.41864	-15.22973	 	20:34:43
410	1592.283	86.85168	-14.92533	 	20:34:43
411	1668.101	86.44835	-14.44327	 	20:34:43
412	1747.528	85.9482	-14.20052	 	20:34:43
413	1830.738	85.5546	-13.76916	 	20:34:44
414	1917.91	84.88133	-13.40994	 	20:34:44
415	2009.233	84.53382	-13.01012	 	20:34:44
416	2104.904	84.0773	-12.79321	 	20:34:44
417	2205.131	83.7388	-12.37984	 	20:34:44
418	2310.13	83.46664	-12.02321	 	20:34:44
419	2420.128	82.98161	-11.69465	 	20:34:45
420	2535.365	82.57767	-11.4081	 	20:34:45
421	2656.088	82.25992	-11.12396	 	20:34:45
422	2782.559	82.03188	-10.85567	 	20:34:45
423	2915.053	81.63177	-10.59811	 	20:34:45
424	3053.855	81.30202	-10.31724	 	20:34:45
425	3199.267	81.07246	-10.03824	 	20:34:46
426	3351.603	80.68358	-9.736683	 	20:34:46
427	3511.192	80.42332	-9.571624	 	20:34:46
428	3678.38	80.11104	-9.289008	 	20:34:46
429	3853.529	79.83033	-9.042818	 	20:34:46
430	4037.017	79.77003	-8.809622	 	20:34:46
431	4229.243	79.38992	-8.548718	 	20:34:47
432	4430.622	79.17867	-8.362743	 	20:34:47
433	4641.589	78.97541	-8.167583	 	20:34:47
434	4862.602	78.68076	-7.996758	 	20:34:47
435	5094.138	78.43198	-7.80149	 	20:34:47
436	5336.699	78.26723	-7.577974	 	20:34:47
437	5590.81	78.12001	-7.413078	 	20:34:48
438	5857.021	77.87846	-7.295067	 	20:34:48
439	6135.907	77.58255	-7.174078	 	20:34:48
440	6428.073	77.43146	-6.982344	 	20:34:48
441	6734.151	77.12524	-6.820678	 	20:34:48
442	7054.802	77.02367	-6.753413	 	20:34:48
443	7390.722	76.74652	-6.591717	 	20:34:49
444	7742.637	76.51874	-6.459814	 	20:34:49
445	8111.308	76.26244	-6.274539	 	20:34:49
446	8497.534	76.07883	-6.165956	 	20:34:49
447	8902.15	75.81693	-6.056087	 	20:34:49
448	9326.033	75.69654	-5.878624	 	20:34:49
449	9770.1	75.46777	-5.805477	 	20:34:50
450	10235.31	75.24576	-5.658991	 	20:34:50
451	10722.67	74.98662	-5.561135	 	20:34:50
452	11233.24	74.80997	-5.452018	 	20:34:50
453	11768.12	74.58521	-5.337896	 	20:34:50
454	12328.47	74.34097	-5.217375	 	20:34:50
455	12915.5	74.10504	-5.050488	 	20:34:51
456	13530.48	73.8792	-4.974121	 	20:34:51
457	14174.74	73.57477	-4.829563	 	20:34:51
458	14849.68	73.41666	-4.70973	 	20:34:51
459	15556.76	73.09498	-4.558809	 	20:34:51
460	16297.51	72.85477	-4.429986	 	20:34:51
461	17073.53	72.62093	-4.287453	 	20:34:52
462	17886.5	72.41548	-4.120978	 	20:34:52
463	18738.17	72.1785	-3.985247	 	20:34:52
464	19630.41	71.90414	-3.807445	 	20:34:52
465	20565.12	71.61749	-3.642372	 	20:34:52
466	21544.35	71.42284	-3.474596	 	20:34:52
467	22570.2	71.2121	-3.247049	 	20:34:52
468	23644.89	70.94025	-3.056115	 	20:34:53
469	24770.76	70.76379	-2.85692	 	20:34:53
470	25950.24	70.49897	-2.678625	 	20:34:53
471	27185.88	70.26529	-2.394661	 	20:34:53
472	28480.36	70.0395	-2.198074	 	20:34:53
473	29836.47	69.84164	-1.956432	 	20:34:53
474	31257.16	69.60714	-1.675928	 	20:34:54
475	32745.49	69.4594	-1.387653	 	20:34:54
476	34304.69	69.17672	-1.100891	 	20:34:54
477	35938.14	68.93369	-0.7849846	 	20:34:54
478	37649.36	68.77198	-0.5009287	 	20:34:54
479	39442.06	68.55377	-0.1105604	 	20:34:54
480	41320.12	68.29306	0.2354317	 	20:34:55
481	43287.61	68.14201	0.591361	 	20:34:55
482	45348.79	67.94231	0.9635889	 	20:34:55
483	47508.1	67.78257	1.37093	 	20:34:55
484	49770.23	67.654	1.831637	 	20:34:55
485	52140.08	67.4549	2.268879	 	20:34:55
486	54622.77	67.31918	2.724912	 	20:34:56
487	57223.68	67.22555	3.237639	 	20:34:56
488	59948.43	67.10014	3.725712	 	20:34:56
489	62802.91	66.98919	4.237084	 	20:34:56
490	65793.32	66.95206	4.786303	 	20:34:56
491	68926.12	66.89153	-354.6238	 	20:34:56
492	72208.09	66.86246	5.941842	 	20:34:57
493	75646.34	66.68172	6.577556	 	20:34:57
494	79248.29	66.6602	7.214243	 	20:34:57
495	83021.76	66.68619	7.877051	 	20:34:57
496	86974.9	66.70219	8.53462	 	20:34:57
497	91116.27	66.88379	9.203065	 	20:34:57
498	95454.84	67.14379	9.801047	 	20:34:58
499	100000	67.39803	10.4878	 	20:34:58
500	1000	94.38481	-19.53574	 	20:34:58
501	1047.616	93.54519	-19.09962	 	20:34:58
502	1097.499	92.92594	-18.48797	 	20:34:58
503	1149.757	91.90095	-18.01236	 	20:34:58
504	1204.504	91.42132	-17.58355	 	20:34:58
505	1261.857	90.78851	-17.11723	 	20:34:59
506	1321.941	90.09218	-16.60481	 	20:34:59
507	1384.886	89.56119	-16.26043	 	20:34:59
508	1450.829	88.68337	-15.70104	 	20:34:59
509	1519.911	88.18876	-15.44649	 	20:34:59
510	1592.283	87.87603	-15.00889	 	20:34:59
511	1668.101	87.19369	-14.64787	 	20:35:0
512	1747.528	86.8729	-14.27633	 	20:35:0
513	1830.738	86.46373	-13.83189	 	20:35:0
514	1917.91	85.75502	-13.46584	 	20:35:0
515	2009.233	85.37405	-13.05945	 	20:35:0
516	2104.904	84.88546	-12.83456	 	20:35:0
517	2205.131	84.52544	-12.42597	 	20:35:1
518	2310.13	84.23276	-12.07275	 	20:35:1
519	2420.128	83.71024	-11.72634	 	20:35:1
520	2535.365	83.27898	-11.43242	 	20:35:1
521	2656.088	82.9438	-11.15004	 	20:35:1
522	2782.559	82.70326	-10.86809	 	20:35:1
523	2915.053	82.27831	-10.60303	 	20:35:2
524	3053.855	82.05163	-10.22003	 	20:35:2
525	3199.267	81.67213	-10.02879	 	20:35:2
526	3351.603	81.39918	-9.807539	 	20:35:2
527	3511.192	81.22222	-9.540247	 	20:35:2
528	3678.38	80.88837	-9.254393	 	20:35:2
529	3853.529	80.4763	-9.079346	 	20:35:3
530	4037.017	80.39466	-8.835235	 	20:35:3
531	4229.243	80.11918	-8.629041	 	20:35:3
532	4430.622	79.87874	-8.433681	 	20:35:3
533	4641.589	79.55408	-8.170916	 	20:35:3
534	4862.602	79.33877	-8.038941	 	20:35:3
535	5094.138	79.08436	-7.837895	 	20:35:4
536	5336.699	78.89468	-7.605677	 	20:35:4
537	5590.81	78.68075	-7.499056	 	20:35:4
538	5857.021	78.46832	-7.294651	 	20:35:4
539	6135.907	78.26769	-7.189146	 	20:35:4
540	6428.073	78.08918	-6.990956	 	20:35:4
541	6734.151	77.87285	-6.83511	 	20:35:5
542	7054.802	77.64569	-6.72377	 	20:35:5
543	7390.722	77.36207	-6.549902	 	20:35:5
544	7742.637	77.08747	-6.470011	 	20:35:5
545	8111.308	76.91254	-6.286608	 	20:35:5
546	8497.534	76.71652	-6.163599	 	20:35:5
547	8902.15	76.43114	-6.032611	 	20:35:5
548	9326.033	76.20765	-5.903138	 	20:35:6
549	9770.1	75.96659	-5.816104	 	20:35:6
550	10235.31	75.7365	-5.714275	 	20:35:6
551	10722.67	75.55475	-5.599616	 	20:35:6
552	11233.24	75.28378	-5.481108	 	20:35:6
553	11768.12	75.05579	-5.35112	 	20:35:6
554	12328.47	74.87061	-5.200839	 	20:35:7
555	12915.5	74.64555	-5.069783	 	20:35:7
556	13530.48	74.40943	-4.968759	 	20:35:7
557	14174.74	74.18494	-4.831735	 	20:35:7
558	14849.68	73.95487	-4.711622	 	20:35:7
559	15556.76	73.65693	-4.584238	 	20:35:7
560	16297.51	73.40798	-4.425843	 	20:35:8
561	17073.53	73.20234	-4.295758	 	20:35:8
562	17886.5	72.93925	-4.137326	 	20:35:8
563	18738.17	72.69443	-3.975614	 	20:35:8
564	19630.41	72.4611	-3.802251	 	20:35:8
565	20565.12	72.21903	-3.638544	 	20:35:8
566	21544.35	71.92825	-3.454503	 	20:35:9
567	22570.2	71.65906	-3.283051	 	20:35:9
568	23644.89	71.44024	-3.07812	 	20:35:9
569	24770.76	71.19734	-2.840154	 	20:35:9
570	25950.24	70.98241	-2.637784	 	20:35:9
571	27185.88	70.79349	-2.371233	 	20:35:9
572	28480.36	70.56226	-2.18715	 	20:35:10
573	29836.47	70.3634	-1.950196	 	20:35:10
574	31257.16	70.13246	-1.675163	 	20:35:10
575	32745.49	69.94926	-1.401722	 	20:35:10
576	34304.69	69.73871	-1.087695	 	20:35:10
577	35938.14	69.47724	-0.7861764	 	20:35:10
578	37649.36	69.26893	-0.4805371	 	20:35:11
579	39442.06	69.02084	-0.1432805	 	20:35:11
580	41320.12	68.80672	0.2256509	 	20:35:11
581	43287.61	68.62411	0.5937721	 	20:35:11
582	45348.79	68.52454	0.9933617	 	20:35:11
583	47508.1	68.39857	1.381639	 	20:35:11
584	49770.23	68.21508	1.819759	 	20:35:12
585	52140.08	67.96737	2.275825	 	20:35:12
586	54622.77	67.80109	2.736797	 	20:35:12
587	57223.68	67.67159	3.178844	 	20:35:12
588	59948.43	67.59878	3.701916	 	20:35:12
589	62802.91	67.45741	4.248859	 	20:35:12
590	65793.32	67.37489	4.783079	 	20:35:13
591	68926.12	67.24537	-354.6577	 	20:35:13
592	72208.09	67.28528	5.926761	 	20:35:13
593	75646.34	67.2849	6.544266	 	20:35:13
594	79248.29	67.20113	7.191799	 	20:35:13
595	83021.76	67.1991	7.846397	 	20:35:13
596	86974.9	67.23975	8.493694	 	20:35:13
597	91116.27	67.21557	9.17804	 	20:35:14
598	95454.84	67.30347	9.928095	 	20:35:14
599	100000	67.38252	10.59121	 	20:35:14
600	1000	94.47728	-19.54399	 	20:35:14
601	1047.616	93.64598	-19.13018	 	20:35:14
602	1097.499	92.67136	-18.68434	 	20:35:14
603	1149.757	92.28771	-18.24135	 	20:35:15
604	1204.504	91.17471	-17.74618	 	20:35:15
605	1261.857	90.5938	-17.28615	 	20:35:15
606	1321.941	89.90492	-16.7676	 	20:35:15
607	1384.886	89.38193	-16.41768	 	20:35:15
608	1450.829	89.02473	-15.88265	 	20:35:15
609	1519.911	88.30946	-15.45123	 	20:35:16
610	1592.283	87.71842	-15.15046	 	20:35:16
611	1668.101	87.47601	-14.81355	 	20:35:16
612	1747.528	86.7504	-14.40217	 	20:35:16
613	1830.738	86.35646	-13.96674	 	20:35:16
614	1917.91	86.03764	-13.61735	 	20:35:16
615	2009.233	85.44829	-13.31888	 	20:35:17
616	2104.904	84.98287	-12.8443	 	20:35:17
617	2205.131	84.4379	-12.54408	 	20:35:17
618	2310.13	84.16557	-12.18068	 	20:35:17
619	2420.128	83.78542	-11.94936	 	20:35:17
620	2535.365	83.36357	-11.65683	 	20:35:17
621	2656.088	83.19077	-11.25913	 	20:35:18
622	2782.559	82.64683	-10.97774	 	20:35:18
623	2915.053	82.35976	-10.61256	 	20:35:18
624	3053.855	82.13899	-10.41152	 	20:35:18
625	3199.267	81.76657	-10.0371	 	20:35:18
626	3351.603	81.48199	-9.807102	 	20:35:18
627	3511.192	81.20264	-9.635254	 	20:35:19
628	3678.38	80.87158	-9.346313	 	20:35:19
629	3853.529	80.68808	-9.154751	 	20:35:19
630	4037.017	80.39149	-8.927047	 	20:35:19
631	4229.243	80.11866	-8.71782	 	20:35:19
632	4430.622	79.88844	-8.524482	 	20:35:19
633	4641.589	79.56605	-8.258547	 	20:35:20
634	4862.602	79.36812	-8.1322	 	20:35:20
635	5094.138	79.17815	-7.847758	 	20:35:20
636	5336.699	78.93337	-7.686519	 	20:35:20
637	5590.81	78.76889	-7.50422	 	20:35:20
638	5857.021	78.51308	-7.377214	 	20:35:20
639	6135.907	78.21436	-7.244846	 	20:35:20
640	6428.073	78.0433	-7.041021	 	20:35:21
641	6734.151	77.82713	-6.889744	 	20:35:21
642	7054.802	77.60748	-6.785078	 	20:35:21
643	7390.722	77.45274	-6.564615	 	20:35:21
644	7742.637	77.18034	-6.48807	 	20:35:21
645	8111.308	76.98079	-6.368762	 	20:35:21
646	8497.534	76.79793	-6.178551	 	20:35:22
647	8902.15	76.5171	-6.045397	 	20:35:22
648	9326.033	76.291	-5.917181	 	20:35:22
649	9770.1	76.13321	-5.826903	 	20:35:22
650	10235.31	75.89913	-5.723161	 	20:35:22
651	10722.67	75.71384	-5.602205	 	20:35:22
652	11233.24	75.44478	-5.481395	 	20:35:23
653	11768.12	75.20815	-5.349412	 	20:35:23
654	12328.47	75.02013	-5.196741	 	20:35:23
655	12915.5	74.72678	-5.079571	 	20:35:23
656	13530.48	74.55386	-4.959183	 	20:35:23
657	14174.74	74.23251	-4.79197	 	20:35:23
658	14849.68	74.03068	-4.72613	 	20:35:24
659	15556.76	73.79057	-4.566302	 	20:35:24
660	16297.51	73.59314	-4.378312	 	20:35:24
661	17073.53	73.32749	-4.277023	 	20:35:24
662	17886.5	73.05968	-4.116586	 	20:35:24
663	18738.17	72.80753	-3.9504	 	20:35:24
664	19630.41	72.56409	-3.775473	 	20:35:25
665	20565.12	72.3175	-3.605503	 	20:35:25
666	21544.35	72.07189	-3.44418	 	20:35:25
667	22570.2	71.82162	-3.220927	 	20:35:25
668	23644.89	71.57758	-3.062445	 	20:35:25
669	24770.76	71.33076	-2.814421	 	20:35:25
670	25950.24	71.10493	-2.610645	 	20:35:26
671	27185.88	70.90526	-2.381824	 	20:35:26
672	28480.36	70.66987	-2.147061	 	20:35:26
673	29836.47	70.46537	-1.907032	 	20:35:26
674	31257.16	70.30073	-1.660497	 	20:35:26
675	32745.49	70.03606	-1.350471	 	20:35:26
676	34304.69	69.84396	-1.072706	 	20:35:26
677	35938.14	69.57729	-0.7686263	 	20:35:27
678	37649.36	69.35725	-0.4542375	 	20:35:27
679	39442.06	69.17902	-0.1074732	 	20:35:27
680	41320.12	68.93227	0.237754	 	20:35:27
681	43287.61	68.74562	0.6120086	 	20:35:27
682	45348.79	68.5886	1.0309	 	20:35:28
683	47508.1	68.39478	1.421582	 	20:35:28
684	49770.23	68.20494	1.8504	 	20:35:28
685	52140.08	68.00298	2.314532	 	20:35:28
686	54622.77	67.8983	2.749856	 	20:35:28
687	57223.68	67.81235	3.234661	 	20:35:28
688	59948.43	67.64001	3.767622	 	20:35:28
689	62802.91	67.5327	4.290277	 	20:35:29
690	65793.32	67.43488	4.823131	 	20:35:29
691	68926.12	67.40469	-354.6144	 	20:35:29
692	72208.09	67.31414	5.966827	 	20:35:29
693	75646.34	67.24483	6.558445	 	20:35:29
694	79248.29	67.23917	7.183056	 	20:35:29
695	83021.76	67.27731	7.88257	 	20:35:30
696	86974.9	67.29678	8.532496	 	20:35:30
697	91116.27	67.32127	9.219329	 	20:35:30
698	95454.84	67.39021	9.992046	 	20:35:30
699	100000	67.43917	10.65989	 	20:35:30
700	1000	94.48621	-19.96268	 	20:35:30
701	1047.616	93.65413	-19.53515	 	20:35:31
702	1097.499	93.06403	-18.8996	 	20:35:31
703	1149.757	92.03178	-18.41039	 	20:35:31
704	1204.504	91.5146	-17.97394	 	20:35:31
705	1261.857	90.90868	-17.48606	 	20:35:31
706	1321.941	90.21832	-16.97886	 	20:35:31
707	1384.886	89.67284	-16.60282	 	20:35:32
708	1450.829	88.8158	-16.0247	 	20:35:32
709	1519.911	88.58907	-15.63862	 	20:35:32
710	1592.283	87.98837	-15.33021	 	20:35:32
711	1668.101	87.54159	-14.82963	 	20:35:32
712	1747.528	86.81319	-14.4171	 	20:35:32
713	1830.738	86.41681	-13.98056	 	20:35:33
714	1917.91	85.88762	-13.74819	 	20:35:33
715	2009.233	85.50397	-13.3306	 	20:35:33
716	2104.904	85.0312	-13.08898	 	20:35:33
717	2205.131	84.65158	-12.67637	 	20:35:33
718	2310.13	84.37286	-12.30674	 	20:35:33
719	2420.128	83.83297	-11.95734	 	20:35:34
720	2535.365	83.42333	-11.65791	 	20:35:34
721	2656.088	83.0864	-11.36615	 	20:35:34
722	2782.559	82.85307	-11.08365	 	20:35:34
723	2915.053	82.42641	-10.80968	 	20:35:34
724	3053.855	82.20638	-10.42546	 	20:35:34
725	3199.267	81.82567	-10.22539	 	20:35:34
726	3351.603	81.55167	-9.995397	 	20:35:35
727	3511.192	81.25532	-9.63826	 	20:35:35
728	3678.38	81.04655	-9.431855	 	20:35:35
729	3853.529	80.73641	-9.167442	 	20:35:35
730	4037.017	80.45407	-8.938535	 	20:35:35
731	4229.243	80.17189	-8.73327	 	20:35:35
732	4430.622	80.01772	-8.444705	 	20:35:36
733	4641.589	79.73068	-8.32327	 	20:35:36
734	4862.602	79.58949	-8.106533	 	20:35:36
735	5094.138	79.3363	-7.902468	 	20:35:36
736	5336.699	79.08324	-7.741598	 	20:35:36
737	5590.81	78.97574	-7.480574	 	20:35:36
738	5857.021	78.7053	-7.346335	 	20:35:37
739	6135.907	78.4983	-7.246766	 	20:35:37
740	6428.073	78.28731	-7.11306	 	20:35:37
741	6734.151	78.00808	-6.858155	 	20:35:37
742	7054.802	77.78154	-6.749506	 	20:35:37
743	7390.722	77.5884	-6.594435	 	20:35:37
744	7742.637	77.42641	-6.463461	 	20:35:38
745	8111.308	77.13255	-6.326694	 	20:35:38
746	8497.534	76.93096	-6.200469	 	20:35:38
747	8902.15	76.73405	-6.077868	 	20:35:38
748	9326.033	76.49901	-5.936551	 	20:35:38
749	9770.1	76.34253	-5.77987	 	20:35:38
750	10235.31	76.10023	-5.669653	 	20:35:39
751	10722.67	75.90659	-5.54671	 	20:35:39
752	11233.24	75.62375	-5.419834	 	20:35:39
753	11768.12	75.39349	-5.335561	 	20:35:39
754	12328.47	75.202	-5.183456	 	20:35:39
755	12915.5	74.96931	-5.042237	 	20:35:39
756	13530.48	74.78839	-4.911822	 	20:35:40
757	14174.74	74.48979	-4.788117	 	20:35:40
758	14849.68	74.24492	-4.663715	 	20:35:40
759	15556.76	73.99763	-4.497522	 	20:35:40
760	16297.51	73.77496	-4.373418	 	20:35:40
761	17073.53	73.55302	-4.231244	 	20:35:40
762	17886.5	73.27695	-4.058919	 	20:35:41
763	18738.17	73.06354	-3.919661	 	20:35:41
764	19630.41	72.81274	-3.729806	 	20:35:41
765	20565.12	72.55589	-3.552166	 	20:35:41
766	21544.35	72.3009	-3.375941	 	20:35:41
767	22570.2	72.06998	-3.205064	 	20:35:41
768	23644.89	71.83792	-2.986208	 	20:35:41
769	24770.76	71.5641	-2.769869	 	20:35:42
770	25950.24	71.32966	-2.548684	 	20:35:42
771	27185.88	71.11521	-2.305506	 	20:35:42
772	28480.36	70.92992	-2.100932	 	20:35:42
773	29836.47	70.70863	-1.839809	 	20:35:42
774	31257.16	70.47546	-1.582418	 	20:35:42
775	32745.49	70.29457	-1.331007	 	20:35:43
776	34304.69	70.04565	-1.055446	 	20:35:43
777	35938.14	69.81619	-0.7045079	 	20:35:43
778	37649.36	69.62532	-0.4045581	 	20:35:43
779	39442.06	69.39856	-0.06335017	 	20:35:43
780	41320.12	69.18542	0.276406	 	20:35:43
781	43287.61	69.0426	0.66706	 	20:35:44
782	45348.79	68.85865	1.071724	 	20:35:44
783	47508.1	68.65053	1.448268	 	20:35:44
784	49770.23	68.50196	1.913722	 	20:35:44
785	52140.08	68.29784	2.368463	 	20:35:44
786	54622.77	68.20176	2.80809	 	20:35:44
787	57223.68	68.04807	3.3034	 	20:35:45
788	59948.43	67.94083	3.808248	 	20:35:45
789	62802.91	67.83997	4.313295	 	20:35:45
790	65793.32	67.71405	4.851763	 	20:35:45
791	68926.12	67.66924	-354.5422	 	20:35:45
792	72208.09	67.63089	6.004352	 	20:35:45
793	75646.34	67.57037	6.606967	 	20:35:46
794	79248.29	67.53103	7.221374	 	20:35:46
795	83021.76	67.56079	7.898429	 	20:35:46
796	86974.9	67.60439	8.549108	 	20:35:46
797	91116.27	67.60808	9.259879	 	20:35:46
798	95454.84	67.67551	10.03592	 	20:35:46
799	100000	67.77214	10.6775	 	20:35:47
