N	Lable	Freq	Mag	Phase	Sample
1	Peak	109.7499	1388.289	-1.958001	0.2
2	Peak	109.7499	1386.12	-1.820482	10.2
3	Peak	114.9757	1220.558	-5.434753	10.3
4	Peak	120.4504	1160.956	-17.84448	10.4
5	Peak	104.7616	1149.25	-357.8534	20.1
6	Peak	109.7499	1388.112	-1.8257	20.2
7	Peak	114.9757	1234.351	-5.545288	20.3
8	Peak	120.4504	1160.76	-17.92899	20.4
9	Peak	104.7616	1151.636	-357.8048	30.1000000000002
10	Peak	109.7499	1386.12	-1.820482	30.2000000000002
11	Peak	114.9757	1239.074	-5.915192	30.3000000000002
12	Peak	120.4504	1160.638	-17.76636	30.4000000000002
13	Peak	104.7616	1152.86	-357.8108	40.1000000000003
14	Peak	109.7499	1387.987	-1.907936	40.2000000000003
15	Peak	114.9757	1240.958	-6.148224	40.3000000000003
16	Peak	120.4504	1159.245	-17.83484	40.4000000000003
17	Peak	159.2283	1147.157	-0.4222826	41.0000000000003
18	Peak	104.7616	1153.001	-357.6393	50.1000000000004
19	Peak	109.7499	1386.12	-1.820482	50.2000000000004
20	Peak	114.9757	1248.14	-5.927765	50.3000000000004
21	Peak	120.4504	1162.539	-17.82874	50.4000000000004
22	Peak	104.7616	1154.147	-357.6386	60.1000000000006
23	Peak	109.7499	1386.12	-1.820482	60.2000000000006
24	Peak	114.9757	1247.112	-6.063721	60.3000000000006
25	Peak	120.4504	1160.638	-17.76636	60.4000000000006
26	Peak	159.2283	1147.099	-0.3600049	61.0000000000006
27	Peak	104.7616	1155.203	-357.6459	70.1000000000003
28	Peak	109.7499	1388.112	-1.8257	70.2000000000003
29	Peak	114.9757	1243.992	-6.250366	70.3000000000003
30	Peak	120.4504	1160.956	-17.84448	70.4000000000003
31	Peak	104.7616	1154.125	-357.6443	80.0999999999997
32	Peak	109.7499	1388.112	-1.8257	80.1999999999997
33	Peak	114.9757	1247.004	-6.070251	80.2999999999997
34	Peak	120.4504	1160.956	-17.84448	80.3999999999997
35	Peak	104.7616	1154.134	-357.5817	90.0999999999992
36	Peak	109.7499	1386.12	-1.820482	90.1999999999992
37	Peak	114.9757	1247.063	-6.114075	90.2999999999991
38	Peak	120.4504	1160.956	-17.84448	90.3999999999991
39	Peak	159.2283	1147.157	-0.4222826	90.9999999999991
40	Peak	104.7616	1155.272	-357.6436	100.099999999999
41	Peak	109.7499	1385.875	-1.925216	100.199999999999
42	Peak	114.9757	1244.934	-6.153473	100.299999999999
43	Peak	120.4504	1160.638	-17.76636	100.399999999999
44	Peak	104.7616	1155.146	-357.7049	110.099999999998
45	Peak	109.7499	1385.334	-1.920203	110.199999999998
46	Peak	114.9757	1248.018	-6.111359	110.299999999998
47	Peak	120.4504	1160.956	-17.84448	110.399999999998
48	Peak	159.2283	1147.047	-0.2942439	110.999999999998
49	Peak	104.7616	1156.302	-357.7613	120.099999999997
50	Peak	109.7499	1388.112	-1.8257	120.199999999997
51	Peak	114.9757	1243.853	-6.2453	120.299999999997
52	Peak	120.4504	1160.956	-17.84448	120.399999999997
53	Peak	104.7616	1155.272	-357.6436	130.099999999997
54	Peak	109.7499	1386.12	-1.820482	130.199999999997
55	Peak	114.9757	1248.018	-6.111359	130.299999999997
56	Peak	120.4504	1160.638	-17.76636	130.399999999997
57	Peak	104.7616	1155.155	-357.7617	140.099999999996
58	Peak	109.7499	1383.346	-1.914984	140.199999999996
59	Peak	114.9757	1242.901	-6.248077	140.299999999996
60	Peak	120.4504	1160.956	-17.84448	140.399999999996
61	Peak	104.7616	1155.214	-357.7028	150.099999999996
62	Peak	109.7499	1386.12	-1.820482	150.199999999996
63	Peak	114.9757	1244.884	-6.203705	150.299999999996
64	Peak	120.4504	1158.928	-17.75674	150.399999999996
65	Peak	104.7616	1155.155	-357.7617	160.099999999995
66	Peak	109.7499	1388.112	-1.8257	160.199999999995
67	Peak	114.9757	1250.148	-5.977753	160.299999999995
68	Peak	120.4504	1160.956	-17.84448	160.399999999995
69	Peak	104.7616	1155.146	-357.7049	170.099999999995
70	Peak	109.7499	1388.112	-1.8257	170.199999999995
71	Peak	114.9757	1242.774	-6.337067	170.299999999995
72	Peak	120.4504	1160.826	-17.81918	170.399999999995
73	Peak	104.7616	1155.155	-357.7617	180.099999999994
74	Peak	109.7499	1388.112	-1.8257	180.199999999994
75	Peak	114.9757	1242.774	-6.337067	180.299999999994
76	Peak	120.4504	1160.443	-17.85086	180.399999999994
77	Peak	104.7616	1154.135	-357.7011	190.099999999993
78	Peak	109.7499	1388.112	-1.8257	190.199999999993
79	Peak	114.9757	1248.018	-6.111359	190.299999999993
80	Peak	120.4504	1160.956	-17.84448	190.399999999993
81	Peak	104.7616	1155.155	-357.7617	200.099999999993
82	Peak	109.7499	1386.12	-1.820482	200.199999999993
83	Peak	114.9757	1240.798	-6.381439	200.299999999993
84	Peak	120.4504	1160.443	-17.85086	200.399999999993
85	Peak	159.2283	1147.047	-0.2942439	200.999999999993
86	Peak	104.7616	1154.135	-357.7011	210.099999999992
87	Peak	109.7499	1388.112	-1.8257	210.199999999992
88	Peak	114.9757	1243.853	-6.2453	210.299999999992
89	Peak	120.4504	1160.638	-17.76636	210.399999999992
90	Peak	159.2283	1145.785	-0.3625731	210.999999999992
91	Peak	104.7616	1153.046	-357.6426	220.099999999992
92	Peak	109.7499	1388.112	-1.8257	220.199999999992
93	Peak	114.9757	1247.063	-6.114075	220.299999999992
94	Peak	120.4504	1162.539	-17.82874	220.399999999992
95	Peak	104.7616	1156.293	-357.7044	230.099999999991
96	Peak	109.7499	1386.12	-1.820482	230.199999999991
97	Peak	114.9757	1243.914	-6.289154	230.299999999991
98	Peak	120.4504	1160.638	-17.76636	230.399999999991
99	Peak	159.2283	1145.785	-0.3625731	230.999999999991
100	Peak	104.7616	1155.227	-357.6403	240.099999999991
101	Peak	109.7499	1385.875	-1.925216	240.199999999991
102	Peak	114.9757	1247.053	-6.019836	240.299999999991
103	Peak	120.4504	1160.956	-17.84448	240.399999999991
