Sample	Frequency	MeanMagnitude	StdMagnitude	MeanPhase	StdPhase
0	1000	5006.094	0.6208698	0.04936988	0.001815789
1	1047.616	5006.873	0.214225	0.05661026	0.001883836
2	1097.499	5006.315	0.3093125	0.05823876	0.004721815
3	1149.757	5006.002	0.1823698	0.05698664	0.002461894
4	1204.504	5006.688	0.2456878	0.06281684	0.003141004
5	1261.857	5006.116	0.2089781	0.06388672	0.002532732
6	1321.941	5005.9	0.1121121	0.05729277	0.001288234
7	1384.886	5006.649	0.4243056	0.06664138	0.004706603
8	1450.829	5005.982	0.3463455	0.06866427	0.003027353
9	1519.911	5006.621	0.2906367	0.07051247	0.002828893
10	1592.283	5006.779	0.3153611	0.06851864	0.002504052
11	1668.101	5006.766	0.1234241	0.07677181	0.002059806
12	1747.528	5006.792	0.2266735	0.08345571	0.001694988
13	1830.738	5006.723	0.2198169	0.08443504	0.004097788
14	1917.91	5006.73	0.0817995	0.07932578	0.00153831
15	2009.233	5006.945	0.243309	0.08534729	0.003242976
16	2104.904	5007.31	0.2250696	0.09176745	0.001529424
17	2205.131	5007.521	0.2482788	0.08841018	0.004110986
18	2310.13	5007.354	0.315967	0.09677358	0.003870029
19	2420.128	5007.653	0.232089	0.09851789	0.002649998
20	2535.365	5007.658	0.07766512	0.1031131	0.001158294
21	2656.088	5007.845	0.3126564	0.1056534	0.002162425
22	2782.559	5008.275	0.1917107	0.1058533	0.002615882
23	2915.053	5008.578	0.143239	0.1135251	0.002258854
24	3053.855	5008.607	0.3460256	0.1148523	0.004068292
25	3199.267	5008.78	0.07026204	0.1137699	0.001320915
26	3351.603	5008.973	0.06609406	0.1226116	0.002142396
27	3511.192	5009.53	0.360583	0.1270214	0.003046658
28	3678.38	5009.968	0.08599574	0.1275551	0.002103303
29	3853.529	5010.308	0.1120308	0.134924	0.002394118
30	4037.017	5010.169	0.2399289	0.1351516	0.003107819
31	4229.243	5010.581	0.01372843	0.1356323	0.002561541
32	4430.622	5010.616	0.348983	0.1407193	0.003112909
33	4641.589	5011.277	0.001006618	0.1398921	0.00332504
34	4862.602	5011.775	0.05564854	0.1490773	0.000806287
35	5094.138	5011.915	0.0603862	0.1500765	0.0009951665
36	5336.699	5012.431	0.004809013	0.1518155	0.0006445089
37	5590.81	5012.388	0.0314449	0.1576414	0.003050101
38	5857.021	5012.693	0.2385421	0.157271	0.001010295
39	6135.907	5013.236	0.01553701	0.1602934	0.0009949133
40	6428.073	5013.372	0.08050091	0.1592699	0.000602301
41	6734.151	5013.701	0.01310196	0.1644154	0.0006170199
42	7054.802	5014.277	0.02988904	0.1720741	0.001221818
43	7390.722	5014.536	0.08382311	0.1683647	0.0008235131
44	7742.637	5014.593	0.03687816	0.172894	0.001191276
45	8111.308	5015.159	0.0418856	0.1757605	0.001327101
46	8497.534	5015.192	0.06924088	0.1802198	0.001075616
47	8902.15	5015.693	0.2179226	0.1875824	0.001673869
48	9326.033	5016.012	0.04840946	0.1869257	0.0008261773
49	9770.1	5016.846	0.02773334	0.1919331	0.0005406571
50	10235.31	5016.957	0.2574874	0.1965677	0.002114401
51	10722.67	5017.245	0.04107589	0.1988399	0.0009765414
52	11233.24	5017.171	0.03297345	0.2044596	0.0004994136
53	11768.12	5017.229	0.06128124	0.2076287	0.0005437183
54	12328.47	5017.672	0.1985479	0.2099763	0.001888559
55	12915.5	5017.961	0.04747139	0.2150791	0.001127561
56	13530.48	5018.283	0.0380029	0.2197198	0.0008896707
57	14174.74	5018.627	0.235845	0.2249095	0.002429438
58	14849.68	5019.374	0	0.2285622	0
59	15556.76	5019.202	0.3526964	0.2308672	0.002036821
60	16297.51	5019.464	0.1433648	0.2419718	0.002354724
61	17073.53	5019.824	0.03884522	0.2486552	0.0008856424
62	17886.5	5019.93	0.2236368	0.2543695	0.002251227
63	18738.17	5020.553	0.07295639	0.254378	0.0005404769
64	19630.41	5021.144	0.3103783	0.2661301	0.001207039
65	20565.12	5021.331	0.08742008	0.2712612	0.002421149
66	21544.35	5021.75	0.03276036	0.2697393	0.003075561
67	22570.2	5022.139	0.01348974	0.2843565	0.003213832
68	23644.89	5022.613	0.0561396	0.2843458	0.0007680098
69	24770.76	5023.799	0.05122359	0.2917347	0.0008129895
70	25950.24	5024.526	0.03810628	0.3007964	0.002121046
71	27185.88	5025.478	0.04448186	0.3063367	0.003713115
72	28480.36	5028.927	0.09394942	0.2961686	0.002642553
73	29836.47	5032.194	0.08287703	0.2911575	0.0007309406
74	31257.16	5032.546	0.03047067	0.2976593	0.001393192
75	32745.49	5032.861	0.04916207	0.3027393	0.0007184213
76	34304.69	5032.888	0.04034899	0.3147549	0.001515132
77	35938.14	5034.196	0.04738027	0.321235	0.001493842
78	37649.36	5034.426	0.128686	0.3278635	0.001918757
79	39442.06	5034.275	0.09679214	0.3398491	0.002795505
80	41320.12	5034.935	0.2386418	0.3479569	0.001698701
81	43287.61	5034.349	0.2202845	0.3570439	0.002928821
82	45348.79	5035.008	0.09690046	0.3795407	0.001116616
83	47508.1	5034.835	0.2361553	0.3851659	0.004001221
84	49770.23	5035.431	0.427046	0.394971	0.002939448
85	52140.08	5032.874	0.1223393	0.4433238	0.003183298
86	54622.77	5035.341	0.1297846	0.4354887	0.002063839
87	57223.68	5036.55	0.2149125	0.4433612	0.003064132
88	59948.43	5036.989	0.1153305	0.4553146	0.002200611
89	62802.91	5037.071	0.3531522	0.4799272	0.003055139
90	65793.32	5037.091	0.35476	0.4916484	0.00220886
91	68926.12	5036.916	0.2859334	0.5011911	0.001637198
92	72208.09	5038.289	0.04017059	0.5242864	0.003459909
93	75646.34	5037.772	0.2988652	0.5410558	0.001266091
94	79248.29	5037.856	0.09523331	0.5569071	0.002155453
95	83021.76	5037.546	0.03231061	0.5723348	0.001752704
96	86974.9	5037.847	0.2731184	0.6052009	0.004312507
97	91116.27	5038.104	0.357235	0.6231348	0.003638498
98	95454.84	5038.856	0.1218262	0.654247	0.004049646
99	100000	5034.564	0.2943961	0.7157735	0.005332667
