pADI_GPIO in ADuCM302x_device.h
ADI_SPI_Typedef in //
configurazione pin BLE

0000 0000 0000 0000 0000 0000 0000 0000

Reg_gpio0
0000 0000 0001 0000 0000 0000 0000 0000
0000 0000 0100 0000 0000 0000 0000 0000
0000 0000 0000 0000 0000 0001 0000 0000
0000 0000 0000 0000 0000 0100 0000 0000
_______________________________________
0000 0000 0101 0000 0000 0101 0000 0000

Reg_gpio1
0000 0000 0000 0000 0001 0000 0000 0000
0000 0000 0000 0000 0100 0000 0000 0000
0000 0000 0000 0001 0000 0000 0000 0000
0000 0000 0000 0100 0000 0000 0000 0000
0000 0000 0000 0000 0000 0000 0001 0000
0000 0000 0000 0000 0000 0000 0100 0000
0000 0000 0000 0000 0000 0001 0000 0000
_______________________________________
0000 0000 0000 0101 0101 0001 0101 0000

Reg_gpio2
0000 0000 0100 0000 0000 0000 0000 0000
0000 0000 0000 0000 0000 0000 0010 0000
0000 0000 1100 0000 0000 0000 0000 0000
_______________________________________
0000 0000 1100 0000 0000 0000 0010 0000





